0b000000
00000080
00000000
00000001
00000002
00000004
00000008
00000010
00000020
00000000
90A504FE
C9F8C4AF
A6463516
230368A5
facefeed
babecafe
0d15ea5e
8badf00d
00000000
00000000
00000000
00000000
00000000
00000000
00000000
00000000
00000000
00000000
00000000
00000000
00000000
00000000
09000001
00000020
09000002
00000018
00010203
09000001
0000000c
06020102
00030204
00040205
09000000
00000058
0a038000
00000100
0a048000
00000100
0a058000
01000000
09000001
00000014
0b000000
000000f8
09038008
09048009
05080908
0a088005
00030103
00040104
00050105
00000100
01020007
0b020000
000000d8
01050205
08020006
01020202
0b000000
0000013c
09058003
08030004
02030003
06030603
07040604
04030403
0a038005
00050105
00020102
01020007
0b020000
00000118
01050605
01050603
01020202
0b000000
00000178
09058004
09038008
01040804
0a048005
00050105
00030103
00020102
01020007
0b020000
0000015c
0c000000